Key: selectionsort
Random : 0.0 0.0 0.0 3.0 14.0 54.0 218.0 888.0 3540.0 13686.0
Sorted : 0.0 0.0 0.0 3.0 14.0 54.0 217.0 885.0 3517.0 13455.0
Reversely Sorted : 0.0 0.0 0.0 3.0 14.0 55.0 221.0 902.0 3657.0 13807.0
Key: bucketsort
Random : 0.0 0.0 0.0 0.0 0.0 0.0 0.0 1.0 2.0 4.0
Sorted : 0.0 0.0 0.0 0.0 0.0 0.0 0.0 1.0 2.0 4.0
Reversely Sorted : 0.0 0.0 0.0 0.0 0.0 0.0 0.0 1.0 2.0 4.0
Key: quicksort
Random : 0.0 0.0 0.0 2.0 12.0 49.0 194.0 793.0 3134.0 12029.0
Sorted : 0.0 0.0 0.0 2.0 12.0 49.0 194.0 786.0 3130.0 11925.0
Reversely Sorted : 0.0 0.0 0.0 2.0 12.0 48.0 194.0 785.0 3164.0 11920.0

Key: linearsearch
Random : 3326.0 227.0 270.0 466.0 927.0 1511.0 2286.0 4800.0 10212.0 16597.0
Sorted : 722.0 166.0 293.0 569.0 1058.0 2236.0 4482.0 7031.0 14564.0 26362.0
Key: binarysearch
Random : 299.0 108.0 118.0 75.0 95.0 92.0 110.0 99.0 117.0 130.0
Sorted : 0.0 0.0 0.0 0.0 0.0 0.0 0.0 0.0 0.0 0.0